6
EPI_ISL_402125|2019-12-26 0.0000000 0.0000670 0.0006036 0.0005700 0.0006072 0.0005311 
EPI_ISL_406798|2019-12-26 0.0000670 0.0000000 0.0006707 0.0006371 0.0006747 0.0006019 
EPI_ISL_541469|2020-08-31 0.0006036 0.0006707 0.0000000 0.0001676 0.0000674 0.0005665 
EPI_ISL_560418|2020-09-07 0.0005700 0.0006371 0.0001676 0.0000000 0.0001686 0.0005311 
EPI_ISL_569173|2020-08-11 0.0006072 0.0006747 0.0000674 0.0001686 0.0000000 0.0005689 
EPI_ISL_733016|2020-08-08 0.0005311 0.0006019 0.0005665 0.0005311 0.0005689 0.0000000 
