7
EPI_ISL_402125|2019-12-26 0.0000000 0.0000670 0.0003688 0.0003688 0.0006253 0.0006453 0.0004427 
EPI_ISL_406798|2019-12-26 0.0000670 0.0000000 0.0004359 0.0004359 0.0006948 0.0007170 0.0005108 
EPI_ISL_541525|2020-08-28 0.0003688 0.0004359 0.0000000 0.0000010 0.0004168 0.0004302 0.0000340 
EPI_ISL_541531|2020-08-29 0.0003688 0.0004359 0.0000010 0.0000000 0.0004168 0.0004301 0.0000340 
EPI_ISL_566694|2020-09-07 0.0006253 0.0006948 0.0004168 0.0004168 0.0000000 0.0000739 0.0004585 
EPI_ISL_576886|2020-09-04 0.0006453 0.0007170 0.0004302 0.0004301 0.0000739 0.0000000 0.0004702 
EPI_ISL_830807|2020-09-16 0.0004427 0.0005108 0.0000340 0.0000340 0.0004585 0.0004702 0.0000000 
