25
EPI_ISL_1055687|2020-08-12 0.0000000 0.0004713 0.0005387 0.0005051 0.0004041 0.0004714 0.0004714 0.0004377 0.0005050 0.0005051 0.0004714 0.0004714 0.0005052 0.0005726 0.0004377 0.0004713 0.0003030 0.0004377 0.0004377 0.0004774 0.0005853 0.0004377 0.0004040 0.0006114 0.0006409 
EPI_ISL_402125|2019-12-26  0.0004713 0.0000000 0.0000670 0.0005030 0.0004695 0.0005366 0.0005365 0.0005030 0.0005029 0.0005701 0.0004695 0.0004694 0.0005707 0.0006358 0.0005018 0.0005353 0.0003679 0.0005018 0.0005018 0.0005454 0.0006886 0.0005038 0.0004702 0.0006768 0.0006379 
EPI_ISL_406798|2019-12-26  0.0005387 0.0000670 0.0000000 0.0005700 0.0005365 0.0006037 0.0006036 0.0005700 0.0005700 0.0006372 0.0005366 0.0005365 0.0006379 0.0007049 0.0005694 0.0006029 0.0004354 0.0005694 0.0005694 0.0006136 0.0007588 0.0005710 0.0005374 0.0007457 0.0007062 
EPI_ISL_523894|2020-08-12  0.0005051 0.0005030 0.0005700 0.0000000 0.0003018 0.0003689 0.0003688 0.0003353 0.0003017 0.0003688 0.0003018 0.0003017 0.0006043 0.0004360 0.0003017 0.0003353 0.0003353 0.0003017 0.0003017 0.0005796 0.0004820 0.0003023 0.0002687 0.0004738 0.0004029 
EPI_ISL_523902|2020-08-13  0.0004041 0.0004695 0.0005365 0.0003018 0.0000000 0.0001341 0.0001341 0.0001006 0.0002682 0.0002012 0.0002683 0.0002682 0.0005036 0.0002012 0.0002012 0.0002347 0.0002347 0.0002012 0.0002012 0.0004773 0.0003787 0.0002015 0.0001679 0.0003723 0.0004029 
EPI_ISL_535615|2020-08-20  0.0004714 0.0005366 0.0006037 0.0003689 0.0001341 0.0000000 0.0000010 0.0001006 0.0003353 0.0002683 0.0003354 0.0003353 0.0005708 0.0002012 0.0002682 0.0003018 0.0003018 0.0002682 0.0002682 0.0005455 0.0004477 0.0002687 0.0002351 0.0004400 0.0004701 
EPI_ISL_539344|2020-08-21  0.0004714 0.0005365 0.0006036 0.0003688 0.0001341 0.0000010 0.0000000 0.0001006 0.0003353 0.0002683 0.0003354 0.0003353 0.0005708 0.0002012 0.0002682 0.0003018 0.0003018 0.0002682 0.0002682 0.0005455 0.0004476 0.0002687 0.0002351 0.0004400 0.0004701 
EPI_ISL_539362|2020-08-22  0.0004377 0.0005030 0.0005700 0.0003353 0.0001006 0.0001006 0.0001006 0.0000000 0.0003017 0.0002347 0.0003018 0.0003017 0.0005372 0.0001677 0.0002347 0.0002682 0.0002682 0.0002347 0.0002347 0.0005114 0.0004131 0.0002351 0.0002015 0.0004061 0.0004365 
EPI_ISL_539410|2020-08-25  0.0005050 0.0005029 0.0005700 0.0003017 0.0002682 0.0003353 0.0003353 0.0003017 0.0000000 0.0003353 0.0000010 0.0000010 0.0006043 0.0004024 0.0002682 0.0003017 0.0003353 0.0002682 0.0002682 0.0005795 0.0004476 0.0002687 0.0002351 0.0004399 0.0004029 
EPI_ISL_541465|2020-09-03  0.0005051 0.0005701 0.0006372 0.0003688 0.0002012 0.0002683 0.0002683 0.0002347 0.0003353 0.0000000 0.0003354 0.0003353 0.0006044 0.0003354 0.0002682 0.0003018 0.0003353 0.0002682 0.0002682 0.0005796 0.0004476 0.0002687 0.0002351 0.0004399 0.0004701 
EPI_ISL_541514|2020-09-01  0.0004714 0.0004695 0.0005366 0.0003018 0.0002683 0.0003354 0.0003354 0.0003018 0.0000010 0.0003354 0.0000000 0.0000010 0.0005708 0.0004025 0.0002682 0.0003018 0.0003018 0.0002682 0.0002682 0.0005455 0.0004476 0.0002687 0.0002351 0.0004399 0.0004029 
EPI_ISL_541526|2020-08-28  0.0004714 0.0004694 0.0005365 0.0003017 0.0002682 0.0003353 0.0003353 0.0003017 0.0000010 0.0003353 0.0000010 0.0000000 0.0005707 0.0004025 0.0002682 0.0003017 0.0003017 0.0002682 0.0002682 0.0005455 0.0004476 0.0002687 0.0002351 0.0004399 0.0004029 
EPI_ISL_667658|2020-08     0.0005052 0.0005707 0.0006379 0.0006043 0.0005036 0.0005708 0.0005708 0.0005372 0.0006043 0.0006044 0.0005708 0.0005707 0.0000000 0.0006727 0.0005371 0.0005707 0.0004028 0.0005371 0.0005371 0.0005799 0.0007245 0.0005376 0.0005040 0.0007126 0.0007408 
EPI_ISL_710548|2020-08-31  0.0005726 0.0006358 0.0007049 0.0004360 0.0002012 0.0002012 0.0002012 0.0001677 0.0004024 0.0003354 0.0004025 0.0004025 0.0006727 0.0000000 0.0002677 0.0003346 0.0003346 0.0003346 0.0002677 0.0006490 0.0005166 0.0003360 0.0003023 0.0005077 0.0005373 
EPI_ISL_710555|2020-08-17  0.0004377 0.0005018 0.0005694 0.0003017 0.0002012 0.0002682 0.0002682 0.0002347 0.0002682 0.0002682 0.0002682 0.0002682 0.0005371 0.0002677 0.0000000 0.0001338 0.0001338 0.0001338 0.0000669 0.0005113 0.0003098 0.0001343 0.0001007 0.0003045 0.0004028 
EPI_ISL_710556|2020-08-30  0.0004713 0.0005353 0.0006029 0.0003353 0.0002347 0.0003018 0.0003018 0.0002682 0.0003017 0.0003018 0.0003018 0.0003017 0.0005707 0.0003346 0.0001338 0.0000000 0.0002007 0.0000334 0.0001338 0.0005454 0.0003442 0.0001679 0.0001343 0.0003383 0.0004364 
EPI_ISL_710557|2020-09-03  0.0003030 0.0003679 0.0004354 0.0003353 0.0002347 0.0003018 0.0003018 0.0002682 0.0003353 0.0003353 0.0003018 0.0003017 0.0004028 0.0003346 0.0001338 0.0002007 0.0000000 0.0002007 0.0001338 0.0003749 0.0003787 0.0002015 0.0001679 0.0003722 0.0004700 
EPI_ISL_710560|2020-09-08  0.0004377 0.0005018 0.0005694 0.0003017 0.0002012 0.0002682 0.0002682 0.0002347 0.0002682 0.0002682 0.0002682 0.0002682 0.0005371 0.0003346 0.0001338 0.0000334 0.0002007 0.0000000 0.0001338 0.0005113 0.0003098 0.0001343 0.0001007 0.0003045 0.0004028 
EPI_ISL_710565|2020-09-28  0.0004377 0.0005018 0.0005694 0.0003017 0.0002012 0.0002682 0.0002682 0.0002347 0.0002682 0.0002682 0.0002682 0.0002682 0.0005371 0.0002677 0.0000669 0.0001338 0.0001338 0.0001338 0.0000000 0.0005113 0.0003098 0.0001343 0.0001007 0.0003045 0.0004028 
EPI_ISL_747342|2020-09-22  0.0004774 0.0005454 0.0006136 0.0005796 0.0004773 0.0005455 0.0005455 0.0005114 0.0005795 0.0005796 0.0005455 0.0005455 0.0005799 0.0006490 0.0005113 0.0005454 0.0003749 0.0005113 0.0005113 0.0000000 0.0006977 0.0005114 0.0004773 0.0006535 0.0007172 
EPI_ISL_828637|2020-08-22  0.0005853 0.0006886 0.0007588 0.0004820 0.0003787 0.0004477 0.0004476 0.0004131 0.0004476 0.0004476 0.0004476 0.0004476 0.0007245 0.0005166 0.0003098 0.0003442 0.0003787 0.0003098 0.0003098 0.0006977 0.0000000 0.0003098 0.0002754 0.0004516 0.0005165 
EPI_ISL_853971|2020-09-18  0.0004377 0.0005038 0.0005710 0.0003023 0.0002015 0.0002687 0.0002687 0.0002351 0.0002687 0.0002687 0.0002687 0.0002687 0.0005376 0.0003360 0.0001343 0.0001679 0.0002015 0.0001343 0.0001343 0.0005114 0.0003098 0.0000000 0.0000336 0.0003049 0.0004032 
EPI_ISL_853977|2020-09-18  0.0004040 0.0004702 0.0005374 0.0002687 0.0001679 0.0002351 0.0002351 0.0002015 0.0002351 0.0002351 0.0002351 0.0002351 0.0005040 0.0003023 0.0001007 0.0001343 0.0001679 0.0001007 0.0001007 0.0004773 0.0002754 0.0000336 0.0000000 0.0002710 0.0003696 
EPI_ISL_913093|2020-09-08  0.0006114 0.0006768 0.0007457 0.0004738 0.0003723 0.0004400 0.0004400 0.0004061 0.0004399 0.0004399 0.0004399 0.0004399 0.0007126 0.0005077 0.0003045 0.0003383 0.0003722 0.0003045 0.0003045 0.0006535 0.0004516 0.0003049 0.0002710 0.0000000 0.0005758 
EPI_ISL_956404|2020-09-11  0.0006409 0.0006379 0.0007062 0.0004029 0.0004029 0.0004701 0.0004701 0.0004365 0.0004029 0.0004701 0.0004029 0.0004029 0.0007408 0.0005373 0.0004028 0.0004364 0.0004700 0.0004028 0.0004028 0.0007172 0.0005165 0.0004032 0.0003696 0.0005758 0.0000000 
