19
EPI_ISL_402125|2019-12-26 0.0000000 0.0000670 0.0004134 0.0004024 0.0005039 0.0007403 0.0005039 0.0004694 0.0004359 0.0007404 0.0005414 0.0006047 0.0007243 0.0005376 0.0004715 0.0006046 0.0004684 0.0004392 0.0005857 
EPI_ISL_406798|2019-12-26 0.0000670 0.0000000 0.0004823 0.0004695 0.0005712 0.0008079 0.0005711 0.0005365 0.0005030 0.0008080 0.0006091 0.0006729 0.0007979 0.0006048 0.0005389 0.0006729 0.0005359 0.0005124 0.0006557 
EPI_ISL_535591|2020-08-18 0.0004134 0.0004823 0.0000000 0.0000010 0.0001035 0.0003452 0.0001035 0.0000689 0.0000344 0.0003451 0.0001043 0.0002071 0.0003342 0.0001381 0.0000692 0.0002071 0.0000689 0.0002243 0.0001771 
EPI_ISL_535606|2020-08-19 0.0004024 0.0004695 0.0000010 0.0000000 0.0000672 0.0003024 0.0000672 0.0000671 0.0000335 0.0003023 0.0001015 0.0001679 0.0002897 0.0001008 0.0000337 0.0001679 0.0000335 0.0002196 0.0001378 
EPI_ISL_577943|2020-08-26 0.0005039 0.0005712 0.0001035 0.0000672 0.0000000 0.0003695 0.0000672 0.0000336 0.0000010 0.0003695 0.0001692 0.0002351 0.0003621 0.0000336 0.0001010 0.0001008 0.0001008 0.0002564 0.0000689 
EPI_ISL_578014|2020-09-18 0.0007403 0.0008079 0.0003452 0.0003024 0.0003695 0.0000000 0.0003696 0.0003696 0.0003360 0.0006058 0.0004061 0.0004704 0.0000724 0.0004031 0.0003367 0.0004703 0.0003359 0.0005130 0.0004479 
EPI_ISL_581603|2020-08-14 0.0005039 0.0005711 0.0001035 0.0000672 0.0000672 0.0003696 0.0000000 0.0000672 0.0000336 0.0003695 0.0001692 0.0002351 0.0003621 0.0001008 0.0001010 0.0001679 0.0001008 0.0002930 0.0001378 
EPI_ISL_603275|2020-10-01 0.0004694 0.0005365 0.0000689 0.0000671 0.0000336 0.0003696 0.0000672 0.0000000 0.0000010 0.0003695 0.0001692 0.0002351 0.0003621 0.0000672 0.0001010 0.0001343 0.0001006 0.0002928 0.0001033 
EPI_ISL_603292|2020-10-01 0.0004359 0.0005030 0.0000344 0.0000335 0.0000010 0.0003360 0.0000336 0.0000010 0.0000000 0.0003359 0.0001353 0.0002015 0.0003259 0.0000336 0.0000673 0.0001008 0.0000670 0.0002196 0.0000689 
EPI_ISL_621721|2020-09-21 0.0007404 0.0008080 0.0003451 0.0003023 0.0003695 0.0006058 0.0003695 0.0003695 0.0003359 0.0000000 0.0004060 0.0004703 0.0005794 0.0004031 0.0002694 0.0004702 0.0003358 0.0005128 0.0004479 
EPI_ISL_626252|2020-09-05 0.0005414 0.0006091 0.0001043 0.0001015 0.0001692 0.0004061 0.0001692 0.0001692 0.0001353 0.0004060 0.0000000 0.0002707 0.0004014 0.0002030 0.0001357 0.0002706 0.0001353 0.0003298 0.0002430 
EPI_ISL_631382|2020-09-28 0.0006047 0.0006729 0.0002071 0.0001679 0.0002351 0.0004704 0.0002351 0.0002351 0.0002015 0.0004703 0.0002707 0.0000000 0.0004345 0.0002688 0.0002020 0.0003359 0.0002015 0.0003297 0.0002756 
EPI_ISL_632400|2020-09-23 0.0007243 0.0007979 0.0003342 0.0002897 0.0003621 0.0000724 0.0003621 0.0003621 0.0003259 0.0005794 0.0004014 0.0004345 0.0000000 0.0003983 0.0003266 0.0004707 0.0003258 0.0005138 0.0004345 
EPI_ISL_632670|2020-09-28 0.0005376 0.0006048 0.0001381 0.0001008 0.0000336 0.0004031 0.0001008 0.0000672 0.0000336 0.0004031 0.0002030 0.0002688 0.0003983 0.0000000 0.0001347 0.0001344 0.0001344 0.0002931 0.0001033 
EPI_ISL_644459|2020-08-27 0.0004715 0.0005389 0.0000692 0.0000337 0.0001010 0.0003367 0.0001010 0.0001010 0.0000673 0.0002694 0.0001357 0.0002020 0.0003266 0.0001347 0.0000000 0.0002020 0.0000673 0.0002571 0.0001727 
EPI_ISL_790960|2020-09-24 0.0006046 0.0006729 0.0002071 0.0001679 0.0001008 0.0004703 0.0001679 0.0001343 0.0001008 0.0004702 0.0002706 0.0003359 0.0004707 0.0001344 0.0002020 0.0000000 0.0002015 0.0003663 0.0001722 
EPI_ISL_815283|2020-08-10 0.0004684 0.0005359 0.0000689 0.0000335 0.0001008 0.0003359 0.0001008 0.0001006 0.0000670 0.0003358 0.0001353 0.0002015 0.0003258 0.0001344 0.0000673 0.0002015 0.0000000 0.0002562 0.0001722 
EPI_ISL_830784|2020-09-05 0.0004392 0.0005124 0.0002243 0.0002196 0.0002564 0.0005130 0.0002930 0.0002928 0.0002196 0.0005128 0.0003298 0.0003297 0.0005138 0.0002931 0.0002571 0.0003663 0.0002562 0.0000000 0.0003389 
EPI_ISL_904159|2020-09-21 0.0005857 0.0006557 0.0001771 0.0001378 0.0000689 0.0004479 0.0001378 0.0001033 0.0000689 0.0004479 0.0002430 0.0002756 0.0004345 0.0001033 0.0001727 0.0001722 0.0001722 0.0003389 0.0000000 
