12
EPI_ISL_1015284|2020-08-17 0.0000000 0.0006043 0.0006724 0.0004359 0.0004366 0.0004359 0.0004024 0.0003687 0.0007753 0.0007421 0.0004356 0.0004761 
EPI_ISL_402125|2019-12-26  0.0006043 0.0000000 0.0000670 0.0005377 0.0005723 0.0005366 0.0005712 0.0005028 0.0006399 0.0008771 0.0005705 0.0005451 
EPI_ISL_406798|2019-12-26  0.0006724 0.0000670 0.0000000 0.0006052 0.0006399 0.0006051 0.0006388 0.0005714 0.0007076 0.0007423 0.0006387 0.0006136 
EPI_ISL_541524|2020-08-28  0.0004359 0.0005377 0.0006052 0.0000000 0.0002351 0.0003354 0.0004360 0.0002347 0.0006739 0.0005059 0.0004026 0.0004421 
EPI_ISL_583892|2020-08-03  0.0004366 0.0005723 0.0006399 0.0002351 0.0000000 0.0003023 0.0004367 0.0002015 0.0007417 0.0005062 0.0004031 0.0004425 
EPI_ISL_603344|2020-09-25  0.0004359 0.0005366 0.0006051 0.0003354 0.0003023 0.0000000 0.0004360 0.0002348 0.0007077 0.0005048 0.0004026 0.0004422 
EPI_ISL_603388|2020-09-29  0.0004024 0.0005712 0.0006388 0.0004360 0.0004367 0.0004360 0.0000000 0.0003689 0.0007415 0.0005396 0.0003355 0.0003741 
EPI_ISL_609989|2020-08-17  0.0003687 0.0005028 0.0005714 0.0002347 0.0002015 0.0002348 0.0003689 0.0000000 0.0006739 0.0004372 0.0003353 0.0003740 
EPI_ISL_687832|2020-08     0.0007753 0.0006399 0.0007076 0.0006739 0.0007417 0.0007077 0.0007415 0.0006739 0.0000000 0.0008451 0.0007077 0.0006828 
EPI_ISL_746656|2020-08-18  0.0007421 0.0008771 0.0007423 0.0005059 0.0005062 0.0005048 0.0005396 0.0004372 0.0008451 0.0000000 0.0007083 0.0005468 
EPI_ISL_837255|2020-09-15  0.0004356 0.0005705 0.0006387 0.0004026 0.0004031 0.0004026 0.0003355 0.0003353 0.0007077 0.0007083 0.0000000 0.0001700 
EPI_ISL_856694|2020-09-16  0.0004761 0.0005451 0.0006136 0.0004421 0.0004425 0.0004422 0.0003741 0.0003740 0.0006828 0.0005468 0.0001700 0.0000000 
