14
EPI_ISL_402125|2019-12-26 0.0000000 0.0000670 0.0008791 0.0009467 0.0009467 0.0009805 0.0009304 0.0009096 0.0008727 0.0009382 0.0005043 0.0004602 0.0008256 0.0007299 
EPI_ISL_406798|2019-12-26 0.0000670 0.0000000 0.0009468 0.0010143 0.0010143 0.0010482 0.0009994 0.0009770 0.0009399 0.0010058 0.0005721 0.0005310 0.0009007 0.0008029 
EPI_ISL_516558|2020-08-02 0.0008791 0.0009468 0.0000000 0.0001014 0.0001014 0.0001352 0.0001042 0.0000679 0.0000338 0.0001014 0.0008153 0.0006071 0.0000378 0.0000736 
EPI_ISL_539371|2020-08-23 0.0009467 0.0010143 0.0001014 0.0000000 0.0001352 0.0001690 0.0001042 0.0001018 0.0000677 0.0001352 0.0008492 0.0006427 0.0000756 0.0001104 
EPI_ISL_541410|2020-09-03 0.0009467 0.0010143 0.0001014 0.0001352 0.0000000 0.0001690 0.0001389 0.0001018 0.0000677 0.0001352 0.0008492 0.0006427 0.0000756 0.0001104 
EPI_ISL_560454|2020-09-10 0.0009805 0.0010482 0.0001352 0.0001690 0.0001690 0.0000000 0.0001736 0.0001358 0.0001015 0.0001690 0.0008832 0.0006784 0.0001134 0.0001472 
EPI_ISL_577932|2020-08-25 0.0009304 0.0009994 0.0001042 0.0001042 0.0001389 0.0001736 0.0000000 0.0001035 0.0000689 0.0001378 0.0007963 0.0006497 0.0000768 0.0000373 
EPI_ISL_644476|2020-08-28 0.0009096 0.0009770 0.0000679 0.0001018 0.0001018 0.0001358 0.0001035 0.0000000 0.0000337 0.0001010 0.0007784 0.0006372 0.0000375 0.0000730 
EPI_ISL_692736|2020-08-18 0.0008727 0.0009399 0.0000338 0.0000677 0.0000677 0.0001015 0.0000689 0.0000337 0.0000000 0.0000671 0.0007756 0.0006018 0.0000010 0.0000365 
EPI_ISL_729588|2020-08-12 0.0009382 0.0010058 0.0001014 0.0001352 0.0001352 0.0001690 0.0001378 0.0001010 0.0000671 0.0000000 0.0008415 0.0006727 0.0000750 0.0000730 
EPI_ISL_855565|2020-09-15 0.0005043 0.0005721 0.0008153 0.0008492 0.0008492 0.0008832 0.0007963 0.0007784 0.0007756 0.0008415 0.0000000 0.0003557 0.0006790 0.0006235 
EPI_ISL_900065|2020-08-11 0.0004602 0.0005310 0.0006071 0.0006427 0.0006427 0.0006784 0.0006497 0.0006372 0.0006018 0.0006727 0.0003557 0.0000000 0.0004711 0.0004588 
EPI_ISL_900104|2020-08-19 0.0008256 0.0009007 0.0000378 0.0000756 0.0000756 0.0001134 0.0000768 0.0000375 0.0000010 0.0000750 0.0006790 0.0004711 0.0000000 0.0000010 
EPI_ISL_900158|2020-08-16 0.0007299 0.0008029 0.0000736 0.0001104 0.0001104 0.0001472 0.0000373 0.0000730 0.0000365 0.0000730 0.0006235 0.0004588 0.0000010 0.0000000 
