8
EPI_ISL_402125|2019-12-26 0.0000000 0.0000670 0.0004359 0.0006357 0.0004047 0.0004382 0.0004362 0.0002690 
EPI_ISL_406798|2019-12-26 0.0000670 0.0000000 0.0004694 0.0006700 0.0004722 0.0005056 0.0005033 0.0003363 
EPI_ISL_535612|2020-08-19 0.0004359 0.0004694 0.0000000 0.0004694 0.0003036 0.0003371 0.0003355 0.0002354 
EPI_ISL_639655|2020-09-21 0.0006357 0.0006700 0.0004694 0.0000000 0.0004385 0.0004719 0.0004697 0.0003699 
EPI_ISL_708186|2020-08-26 0.0004047 0.0004722 0.0003036 0.0004385 0.0000000 0.0003045 0.0003035 0.0002028 
EPI_ISL_708189|2020-08-26 0.0004382 0.0005056 0.0003371 0.0004719 0.0003045 0.0000000 0.0000010 0.0002365 
EPI_ISL_708194|2020-08-25 0.0004362 0.0005033 0.0003355 0.0004697 0.0003035 0.0000010 0.0000000 0.0002354 
EPI_ISL_959965|2020-09-24 0.0002690 0.0003363 0.0002354 0.0003699 0.0002028 0.0002365 0.0002354 0.0000000 
