9
EPI_ISL_402125|2019-12-26 0.0000000 0.0000670 0.0004383 0.0004359 0.0003708 0.0003688 0.0004750 0.0005038 0.0004349 
EPI_ISL_406798|2019-12-26 0.0000670 0.0000000 0.0004720 0.0005030 0.0004045 0.0004358 0.0005429 0.0005710 0.0005024 
EPI_ISL_516560|2020-08-02 0.0004383 0.0004720 0.0000000 0.0002697 0.0002022 0.0002022 0.0003412 0.0003377 0.0002697 
EPI_ISL_516577|2020-08-04 0.0004359 0.0005030 0.0002697 0.0000000 0.0002023 0.0002012 0.0003393 0.0003359 0.0002682 
EPI_ISL_516584|2020-08-03 0.0003708 0.0004045 0.0002022 0.0002023 0.0000000 0.0001348 0.0002729 0.0002701 0.0002022 
EPI_ISL_535590|2020-08-18 0.0003688 0.0004358 0.0002022 0.0002012 0.0001348 0.0000000 0.0002714 0.0002687 0.0002011 
EPI_ISL_581172|2020-09-21 0.0004750 0.0005429 0.0003412 0.0003393 0.0002729 0.0002714 0.0000000 0.0004071 0.0003393 
EPI_ISL_621926|2020-09-21 0.0005038 0.0005710 0.0003377 0.0003359 0.0002701 0.0002687 0.0004071 0.0000000 0.0003358 
EPI_ISL_815257|2020-09-05 0.0004349 0.0005024 0.0002697 0.0002682 0.0002022 0.0002011 0.0003393 0.0003358 0.0000000 
