12
EPI_ISL_402125|2019-12-26 0.0000000 0.0000670 0.0002387 0.0003353 0.0004023 0.0005038 0.0005038 0.0005038 0.0004023 0.0004359 0.0004023 0.0003700 
EPI_ISL_406798|2019-12-26 0.0000670 0.0000000 0.0002728 0.0004023 0.0004694 0.0005711 0.0005710 0.0005710 0.0004694 0.0005030 0.0004694 0.0004373 
EPI_ISL_535605|2020-08-19 0.0002387 0.0002728 0.0000000 0.0000682 0.0001364 0.0002392 0.0002392 0.0002392 0.0001364 0.0001705 0.0002046 0.0001026 
EPI_ISL_560428|2020-09-10 0.0003353 0.0004023 0.0000682 0.0000000 0.0002011 0.0002351 0.0002351 0.0002351 0.0002012 0.0002012 0.0002682 0.0001009 
EPI_ISL_560493|2020-09-07 0.0004023 0.0004694 0.0001364 0.0002011 0.0000000 0.0003695 0.0003694 0.0003694 0.0000010 0.0000335 0.0003353 0.0002354 
EPI_ISL_581257|2020-09-21 0.0005038 0.0005711 0.0002392 0.0002351 0.0003695 0.0000000 0.0002015 0.0002015 0.0003695 0.0003695 0.0004367 0.0002691 
EPI_ISL_584859|2020-09-24 0.0005038 0.0005710 0.0002392 0.0002351 0.0003694 0.0002015 0.0000000 0.0001343 0.0003695 0.0003695 0.0004367 0.0002691 
EPI_ISL_589925|2020-09-16 0.0005038 0.0005710 0.0002392 0.0002351 0.0003694 0.0002015 0.0001343 0.0000000 0.0003695 0.0003695 0.0004367 0.0002691 
EPI_ISL_603311|2020-10-01 0.0004023 0.0004694 0.0001364 0.0002012 0.0000010 0.0003695 0.0003695 0.0003695 0.0000000 0.0000335 0.0003353 0.0002355 
EPI_ISL_603332|2020-09-25 0.0004359 0.0005030 0.0001705 0.0002012 0.0000335 0.0003695 0.0003695 0.0003695 0.0000335 0.0000000 0.0003688 0.0002355 
EPI_ISL_603360|2020-09-29 0.0004023 0.0004694 0.0002046 0.0002682 0.0003353 0.0004367 0.0004367 0.0004367 0.0003353 0.0003688 0.0000000 0.0003027 
EPI_ISL_626583|2020-09-15 0.0003700 0.0004373 0.0001026 0.0001009 0.0002354 0.0002691 0.0002691 0.0002691 0.0002355 0.0002355 0.0003027 0.0000000 
