21
EPI_ISL_1081961|2020-09-28 0.0000000 0.0006705 0.0007384 0.0004695 0.0004695 0.0006431 0.0005822 0.0005470 0.0006508 0.0004725 0.0004731 0.0004729 0.0005034 0.0007243 0.0006731 0.0006581 0.0005021 0.0004686 0.0006707 0.0005523 0.0005790 
EPI_ISL_402125|2019-12-26  0.0006705 0.0000000 0.0000670 0.0005366 0.0005366 0.0007108 0.0005822 0.0006154 0.0006497 0.0005400 0.0005407 0.0005405 0.0005706 0.0007243 0.0006729 0.0006579 0.0005688 0.0003346 0.0007375 0.0005523 0.0006471 
EPI_ISL_406798|2019-12-26  0.0007384 0.0000670 0.0000000 0.0006037 0.0006037 0.0007787 0.0006561 0.0006850 0.0007193 0.0006075 0.0006084 0.0006081 0.0006387 0.0007967 0.0007404 0.0007274 0.0006366 0.0004020 0.0008058 0.0006214 0.0007165 
EPI_ISL_516559|2020-08-02  0.0004695 0.0005366 0.0006037 0.0000000 0.0000010 0.0001689 0.0004731 0.0000684 0.0005129 0.0000010 0.0000010 0.0000010 0.0000335 0.0005795 0.0005376 0.0004841 0.0000335 0.0002682 0.0002012 0.0004143 0.0001021 
EPI_ISL_516562|2020-08-02  0.0004695 0.0005366 0.0006037 0.0000010 0.0000000 0.0001689 0.0004731 0.0000684 0.0005130 0.0000010 0.0000010 0.0000010 0.0000336 0.0005795 0.0005376 0.0004841 0.0000335 0.0002683 0.0002012 0.0004143 0.0001021 
EPI_ISL_541435|2020-09-03  0.0006431 0.0007108 0.0007787 0.0001689 0.0001689 0.0000000 0.0006617 0.0002393 0.0006905 0.0001700 0.0001702 0.0001702 0.0002029 0.0007670 0.0007123 0.0006633 0.0002027 0.0004393 0.0000338 0.0005916 0.0002745 
EPI_ISL_550325|2020-08-29  0.0005822 0.0005822 0.0006561 0.0004731 0.0004731 0.0006617 0.0000000 0.0005515 0.0005822 0.0004753 0.0004763 0.0004764 0.0005095 0.0007052 0.0005822 0.0005961 0.0005095 0.0004367 0.0006928 0.0005960 0.0005917 
EPI_ISL_568325|2020-08-23  0.0005470 0.0006154 0.0006850 0.0000684 0.0000684 0.0002393 0.0005515 0.0000000 0.0005570 0.0000687 0.0000688 0.0000688 0.0001025 0.0006592 0.0006165 0.0005633 0.0001025 0.0003418 0.0002735 0.0004893 0.0001041 
EPI_ISL_580838|2020-09-24  0.0006508 0.0006497 0.0007193 0.0005129 0.0005130 0.0006905 0.0005822 0.0005570 0.0000000 0.0005157 0.0005165 0.0005163 0.0005472 0.0005905 0.0004787 0.0004929 0.0005472 0.0004445 0.0007195 0.0005980 0.0006249 
EPI_ISL_581933|2020-08-01  0.0004725 0.0005400 0.0006075 0.0000010 0.0000010 0.0001700 0.0004753 0.0000687 0.0005157 0.0000000 0.0000010 0.0000010 0.0000337 0.0005795 0.0005404 0.0004868 0.0000337 0.0002700 0.0002025 0.0004143 0.0001023 
EPI_ISL_581935|2020-08-03  0.0004731 0.0005407 0.0006084 0.0000010 0.0000010 0.0001702 0.0004763 0.0000688 0.0005165 0.0000010 0.0000000 0.0000010 0.0000338 0.0005795 0.0005412 0.0004875 0.0000338 0.0002703 0.0002027 0.0004143 0.0001023 
EPI_ISL_581945|2020-08-10  0.0004729 0.0005405 0.0006081 0.0000010 0.0000010 0.0001702 0.0004764 0.0000688 0.0005163 0.0000010 0.0000010 0.0000000 0.0000338 0.0005795 0.0005410 0.0004873 0.0000338 0.0002702 0.0002027 0.0004143 0.0001022 
EPI_ISL_581950|2020-08-12  0.0005034 0.0005706 0.0006387 0.0000335 0.0000336 0.0002029 0.0005095 0.0001025 0.0005472 0.0000337 0.0000338 0.0000338 0.0000000 0.0006157 0.0005712 0.0005187 0.0000671 0.0003020 0.0002349 0.0004488 0.0001362 
EPI_ISL_584720|2020-09-21  0.0007243 0.0007243 0.0007967 0.0005795 0.0005795 0.0007670 0.0007052 0.0006592 0.0005905 0.0005795 0.0005795 0.0005795 0.0006157 0.0000000 0.0005069 0.0002988 0.0006157 0.0005432 0.0007979 0.0006529 0.0006882 
EPI_ISL_616554|2020-08-17  0.0006731 0.0006729 0.0007404 0.0005376 0.0005376 0.0007123 0.0005822 0.0006165 0.0004787 0.0005404 0.0005412 0.0005410 0.0005712 0.0005069 0.0000000 0.0004494 0.0005712 0.0004703 0.0007407 0.0006217 0.0006490 
EPI_ISL_617497|2020-08-10  0.0006581 0.0006579 0.0007274 0.0004841 0.0004841 0.0006633 0.0005961 0.0005633 0.0004929 0.0004868 0.0004875 0.0004873 0.0005187 0.0002988 0.0004494 0.0000000 0.0005187 0.0004495 0.0006929 0.0006048 0.0005968 
EPI_ISL_710549|2020-08-24  0.0005021 0.0005688 0.0006366 0.0000335 0.0000335 0.0002027 0.0005095 0.0001025 0.0005472 0.0000337 0.0000338 0.0000338 0.0000671 0.0006157 0.0005712 0.0005187 0.0000000 0.0003011 0.0002342 0.0004488 0.0001362 
EPI_ISL_710550|2020-09-06  0.0004686 0.0003346 0.0004020 0.0002682 0.0002683 0.0004393 0.0004367 0.0003418 0.0004445 0.0002700 0.0002703 0.0002702 0.0003020 0.0005432 0.0004703 0.0004495 0.0003011 0.0000000 0.0004684 0.0004143 0.0003746 
EPI_ISL_710551|2020-09-09  0.0006707 0.0007375 0.0008058 0.0002012 0.0002012 0.0000338 0.0006928 0.0002735 0.0007195 0.0002025 0.0002027 0.0002027 0.0002349 0.0007979 0.0007407 0.0006929 0.0002342 0.0004684 0.0000000 0.0006215 0.0003065 
EPI_ISL_830764|2020-09-27  0.0005523 0.0005523 0.0006214 0.0004143 0.0004143 0.0005916 0.0005960 0.0004893 0.0005980 0.0004143 0.0004143 0.0004143 0.0004488 0.0006529 0.0006217 0.0006048 0.0004488 0.0004143 0.0006215 0.0000000 0.0005179 
EPI_ISL_830809|2020-09-16  0.0005790 0.0006471 0.0007165 0.0001021 0.0001021 0.0002745 0.0005917 0.0001041 0.0006249 0.0001023 0.0001023 0.0001022 0.0001362 0.0006882 0.0006490 0.0005968 0.0001362 0.0003746 0.0003065 0.0005179 0.0000000 
