7
EPI_ISL_402125|2019-12-26 0.0000000 0.0000670 0.0004023 0.0004032 0.0004023 0.0005108 0.0005353 
EPI_ISL_406798|2019-12-26 0.0000670 0.0000000 0.0004693 0.0004705 0.0004694 0.0005789 0.0006029 
EPI_ISL_516561|2020-08-02 0.0004023 0.0004693 0.0000000 0.0002688 0.0002682 0.0003745 0.0004023 
EPI_ISL_539579|2020-08-28 0.0004032 0.0004705 0.0002688 0.0000000 0.0000672 0.0003069 0.0002016 
EPI_ISL_560549|2020-09-08 0.0004023 0.0004694 0.0002682 0.0000672 0.0000000 0.0003064 0.0002011 
EPI_ISL_591188|2020-08-23 0.0005108 0.0005789 0.0003745 0.0003069 0.0003064 0.0000000 0.0004426 
EPI_ISL_710564|2020-09-19 0.0005353 0.0006029 0.0004023 0.0002016 0.0002011 0.0004426 0.0000000 
