18
EPI_ISL_402125|2019-12-26 0.0000000 0.0000670 0.0004359 0.0004047 0.0003373 0.0004030 0.0007896 0.0003071 0.0005862 0.0005365 0.0005030 0.0008520 0.0003346 0.0006720 0.0006730 0.0004142 0.0004362 0.0006273 
EPI_ISL_406798|2019-12-26 0.0000670 0.0000000 0.0005030 0.0004384 0.0004048 0.0004702 0.0008586 0.0003753 0.0006598 0.0006036 0.0005700 0.0009233 0.0004020 0.0007413 0.0007405 0.0004833 0.0005033 0.0006972 
EPI_ISL_516575|2020-08-04 0.0004359 0.0005030 0.0000000 0.0005734 0.0005060 0.0005039 0.0009964 0.0004436 0.0008067 0.0007054 0.0006718 0.0010303 0.0005031 0.0009110 0.0007743 0.0005524 0.0006725 0.0008370 
EPI_ISL_516588|2020-08-04 0.0004047 0.0004384 0.0005734 0.0000000 0.0004750 0.0004730 0.0008286 0.0004462 0.0007746 0.0006746 0.0006409 0.0008928 0.0004722 0.0008817 0.0008125 0.0005557 0.0005063 0.0007011 
EPI_ISL_560455|2020-09-07 0.0003373 0.0004048 0.0005060 0.0004750 0.0000000 0.0004726 0.0008932 0.0003775 0.0006635 0.0006072 0.0005735 0.0008905 0.0004048 0.0008144 0.0007440 0.0000010 0.0005746 0.0006992 
EPI_ISL_560609|2020-08-02 0.0004030 0.0004702 0.0005039 0.0004730 0.0004726 0.0000000 0.0009617 0.0004099 0.0007698 0.0006719 0.0006383 0.0010300 0.0004702 0.0008784 0.0007408 0.0005181 0.0006393 0.0007670 
EPI_ISL_569095|2020-08-17 0.0007896 0.0008586 0.0009964 0.0008286 0.0008932 0.0009617 0.0000000 0.0008734 0.0011608 0.0010998 0.0010654 0.0000010 0.0008929 0.0012768 0.0012379 0.0009488 0.0009277 0.0011709 
EPI_ISL_581971|2020-08-18 0.0003071 0.0003753 0.0004436 0.0004462 0.0003775 0.0004099 0.0008734 0.0000000 0.0006344 0.0005802 0.0005460 0.0008996 0.0003753 0.0007893 0.0006491 0.0004497 0.0005120 0.0007094 
EPI_ISL_601548|2020-09-18 0.0005862 0.0006598 0.0008067 0.0007746 0.0006635 0.0007698 0.0011608 0.0006344 0.0000000 0.0008434 0.0007699 0.0012038 0.0006597 0.0009937 0.0011019 0.0006802 0.0008806 0.0010298 
EPI_ISL_603357|2020-09-26 0.0005365 0.0006036 0.0007054 0.0006746 0.0006072 0.0006719 0.0010998 0.0005802 0.0008434 0.0000000 0.0000335 0.0011372 0.0006037 0.0010125 0.0009431 0.0006916 0.0007737 0.0009420 
EPI_ISL_603407|2020-09-30 0.0005030 0.0005700 0.0006718 0.0006409 0.0005735 0.0006383 0.0010654 0.0005460 0.0007699 0.0000335 0.0000000 0.0011016 0.0005702 0.0009787 0.0009094 0.0006560 0.0007400 0.0009071 
EPI_ISL_644375|2020-08-27 0.0008520 0.0009233 0.0010303 0.0008928 0.0008905 0.0010300 0.0000010 0.0008996 0.0012038 0.0011372 0.0011016 0.0000000 0.0009589 0.0012847 0.0013158 0.0009453 0.0009948 0.0012103 
EPI_ISL_730572|2020-08-26 0.0003346 0.0004020 0.0005031 0.0004722 0.0004048 0.0004702 0.0008929 0.0003753 0.0006597 0.0006037 0.0005702 0.0009589 0.0000000 0.0007405 0.0007405 0.0004833 0.0005705 0.0007321 
EPI_ISL_730575|2020-09-20 0.0006720 0.0007413 0.0009110 0.0008817 0.0008144 0.0008784 0.0012768 0.0007893 0.0009937 0.0010125 0.0009787 0.0012847 0.0007405 0.0000000 0.0011500 0.0009030 0.0009796 0.0011547 
EPI_ISL_744994|2020-09-26 0.0006730 0.0007405 0.0007743 0.0008125 0.0007440 0.0007408 0.0012379 0.0006491 0.0011019 0.0009431 0.0009094 0.0013158 0.0007405 0.0011500 0.0000000 0.0007610 0.0009096 0.0010821 
EPI_ISL_830812|2020-09-20 0.0004142 0.0004833 0.0005524 0.0005557 0.0000010 0.0005181 0.0009488 0.0004497 0.0006802 0.0006916 0.0006560 0.0009453 0.0004833 0.0009030 0.0007610 0.0000000 0.0006225 0.0007876 
EPI_ISL_960072|2020-08-10 0.0004362 0.0005033 0.0006725 0.0005063 0.0005746 0.0006393 0.0009277 0.0005120 0.0008806 0.0007737 0.0007400 0.0009948 0.0005705 0.0009796 0.0009096 0.0006225 0.0000000 0.0008372 
EPI_ISL_969908|2020-09-02 0.0006273 0.0006972 0.0008370 0.0007011 0.0006992 0.0007670 0.0011709 0.0007094 0.0010298 0.0009420 0.0009071 0.0012103 0.0007321 0.0011547 0.0010821 0.0007876 0.0008372 0.0000000 
