22
EPI_ISL_402125|2019-12-26 0.0000000 0.0000670 0.0005365 0.0005394 0.0005365 0.0005365 0.0005628 0.0005780 0.0005365 0.0005179 0.0006024 0.0005374 0.0005365 0.0005030 0.0005030 0.0005364 0.0005364 0.0005687 0.0005698 0.0005696 0.0005405 0.0005071 
EPI_ISL_406798|2019-12-26 0.0000670 0.0000000 0.0006036 0.0005731 0.0006036 0.0006035 0.0006332 0.0006460 0.0006035 0.0005869 0.0006710 0.0006046 0.0006036 0.0005700 0.0005700 0.0006035 0.0006035 0.0006364 0.0006381 0.0006369 0.0006081 0.0005747 
EPI_ISL_516572|2020-08-04 0.0005365 0.0006036 0.0000000 0.0000010 0.0000010 0.0001341 0.0003869 0.0002380 0.0001341 0.0003452 0.0004023 0.0003359 0.0001341 0.0001006 0.0001006 0.0001006 0.0001341 0.0003688 0.0003689 0.0003688 0.0001351 0.0001690 
EPI_ISL_516594|2020-08-05 0.0005394 0.0005731 0.0000010 0.0000000 0.0000010 0.0001348 0.0003891 0.0002393 0.0001348 0.0003472 0.0004045 0.0003377 0.0001348 0.0001011 0.0001011 0.0001011 0.0001348 0.0003708 0.0003710 0.0003708 0.0001358 0.0001699 
EPI_ISL_516595|2020-08-05 0.0005365 0.0006036 0.0000010 0.0000010 0.0000000 0.0001341 0.0003869 0.0002380 0.0001341 0.0003452 0.0004023 0.0003359 0.0001341 0.0001006 0.0001006 0.0001006 0.0001341 0.0003688 0.0003689 0.0003688 0.0001351 0.0001690 
EPI_ISL_523891|2020-08-12 0.0005365 0.0006035 0.0001341 0.0001348 0.0001341 0.0000000 0.0003869 0.0002379 0.0001341 0.0003452 0.0004023 0.0003358 0.0001341 0.0001006 0.0001006 0.0001006 0.0001341 0.0003688 0.0003689 0.0003688 0.0001351 0.0001690 
EPI_ISL_531788|2020-08-10 0.0005628 0.0006332 0.0003869 0.0003891 0.0003869 0.0003869 0.0000000 0.0004265 0.0003869 0.0003911 0.0004572 0.0003869 0.0003869 0.0003517 0.0003517 0.0003517 0.0003869 0.0004221 0.0004222 0.0004221 0.0003894 0.0003543 
EPI_ISL_535628|2020-08-14 0.0005780 0.0006460 0.0002380 0.0002393 0.0002380 0.0002379 0.0004265 0.0000000 0.0002379 0.0003852 0.0004420 0.0003746 0.0002380 0.0002040 0.0002040 0.0002040 0.0002380 0.0004080 0.0004081 0.0004080 0.0002398 0.0002742 
EPI_ISL_539429|2020-08-26 0.0005365 0.0006035 0.0001341 0.0001348 0.0001341 0.0001341 0.0003869 0.0002379 0.0000000 0.0003452 0.0004023 0.0003358 0.0001341 0.0001006 0.0001006 0.0001006 0.0001341 0.0003688 0.0003689 0.0003688 0.0001351 0.0001690 
EPI_ISL_590593|2020-09-08 0.0005179 0.0005869 0.0003452 0.0003472 0.0003452 0.0003452 0.0003911 0.0003852 0.0003452 0.0000000 0.0003797 0.0003452 0.0003452 0.0003107 0.0003107 0.0003107 0.0003452 0.0003797 0.0003799 0.0003797 0.0003474 0.0003129 
EPI_ISL_595779|2020-09-27 0.0006024 0.0006710 0.0004023 0.0004045 0.0004023 0.0004023 0.0004572 0.0004420 0.0004023 0.0003797 0.0000000 0.0004030 0.0004023 0.0003688 0.0003688 0.0004023 0.0004023 0.0004350 0.0004357 0.0004355 0.0004053 0.0003718 
EPI_ISL_601645|2020-09-16 0.0005374 0.0006046 0.0003359 0.0003377 0.0003359 0.0003358 0.0003869 0.0003746 0.0003358 0.0003452 0.0004030 0.0000000 0.0003359 0.0003023 0.0003023 0.0003023 0.0003359 0.0003694 0.0003696 0.0001679 0.0003380 0.0003044 
EPI_ISL_603281|2020-09-30 0.0005365 0.0006036 0.0001341 0.0001348 0.0001341 0.0001341 0.0003869 0.0002380 0.0001341 0.0003452 0.0004023 0.0003359 0.0000000 0.0000335 0.0000335 0.0000335 0.0000670 0.0003688 0.0003689 0.0003688 0.0000675 0.0001014 
EPI_ISL_603293|2020-10-01 0.0005030 0.0005700 0.0001006 0.0001011 0.0001006 0.0001006 0.0003517 0.0002040 0.0001006 0.0003107 0.0003688 0.0003023 0.0000335 0.0000000 0.0000010 0.0000010 0.0000335 0.0003353 0.0003354 0.0003353 0.0000338 0.0000676 
EPI_ISL_603331|2020-09-25 0.0005030 0.0005700 0.0001006 0.0001011 0.0001006 0.0001006 0.0003517 0.0002040 0.0001006 0.0003107 0.0003688 0.0003023 0.0000335 0.0000010 0.0000000 0.0000010 0.0000335 0.0003353 0.0003354 0.0003353 0.0000338 0.0000676 
EPI_ISL_603352|2020-09-25 0.0005364 0.0006035 0.0001006 0.0001011 0.0001006 0.0001006 0.0003517 0.0002040 0.0001006 0.0003107 0.0004023 0.0003023 0.0000335 0.0000010 0.0000010 0.0000000 0.0000335 0.0003687 0.0003689 0.0003687 0.0000338 0.0000676 
EPI_ISL_603409|2020-09-30 0.0005364 0.0006035 0.0001341 0.0001348 0.0001341 0.0001341 0.0003869 0.0002380 0.0001341 0.0003452 0.0004023 0.0003359 0.0000670 0.0000335 0.0000335 0.0000335 0.0000000 0.0003688 0.0003689 0.0003688 0.0000675 0.0001014 
EPI_ISL_710563|2020-09-09 0.0005687 0.0006364 0.0003688 0.0003708 0.0003688 0.0003688 0.0004221 0.0004080 0.0003688 0.0003797 0.0004350 0.0003694 0.0003688 0.0003353 0.0003353 0.0003687 0.0003688 0.0000000 0.0004022 0.0004020 0.0003716 0.0003380 
EPI_ISL_729587|2020-08-05 0.0005698 0.0006381 0.0003689 0.0003710 0.0003689 0.0003689 0.0004222 0.0004081 0.0003689 0.0003799 0.0004357 0.0003696 0.0003689 0.0003354 0.0003354 0.0003689 0.0003689 0.0004022 0.0000000 0.0004022 0.0003717 0.0003382 
EPI_ISL_753858|2020-08-05 0.0005696 0.0006369 0.0003688 0.0003708 0.0003688 0.0003688 0.0004221 0.0004080 0.0003688 0.0003797 0.0004355 0.0001679 0.0003688 0.0003353 0.0003353 0.0003687 0.0003688 0.0004020 0.0004022 0.0000000 0.0003716 0.0003380 
EPI_ISL_830737|2020-09-17 0.0005405 0.0006081 0.0001351 0.0001358 0.0001351 0.0001351 0.0003894 0.0002398 0.0001351 0.0003474 0.0004053 0.0003380 0.0000675 0.0000338 0.0000338 0.0000338 0.0000675 0.0003716 0.0003717 0.0003716 0.0000000 0.0000338 
EPI_ISL_830811|2020-09-17 0.0005071 0.0005747 0.0001690 0.0001699 0.0001690 0.0001690 0.0003543 0.0002742 0.0001690 0.0003129 0.0003718 0.0003044 0.0001014 0.0000676 0.0000676 0.0000676 0.0001014 0.0003380 0.0003382 0.0003380 0.0000338 0.0000000 
