10
EPI_ISL_1015134|2020-08-04 0.0000000 0.0000674 0.0004351 0.0004689 0.0000670 0.0001022 0.0002706 0.0000010 0.0001342 0.0001006 
EPI_ISL_1015289|2020-08-18 0.0000674 0.0000000 0.0004718 0.0005394 0.0001348 0.0001712 0.0003401 0.0000674 0.0002024 0.0001687 
EPI_ISL_402125|2019-12-26  0.0004351 0.0004718 0.0000000 0.0000670 0.0003688 0.0005110 0.0006766 0.0004023 0.0005368 0.0004362 
EPI_ISL_406798|2019-12-26  0.0004689 0.0005394 0.0000670 0.0000000 0.0004359 0.0005451 0.0007443 0.0004694 0.0006039 0.0005033 
EPI_ISL_560500|2020-09-08  0.0000670 0.0001348 0.0003688 0.0004359 0.0000000 0.0001703 0.0002706 0.0000670 0.0001342 0.0001678 
EPI_ISL_569215|2020-09-01  0.0001022 0.0001712 0.0005110 0.0005451 0.0001703 0.0000000 0.0003764 0.0001022 0.0002384 0.0002044 
EPI_ISL_644519|2020-09-28  0.0002706 0.0003401 0.0006766 0.0007443 0.0002706 0.0003764 0.0000000 0.0002706 0.0002029 0.0003721 
EPI_ISL_671975|2020-08-03  0.0000010 0.0000674 0.0004023 0.0004694 0.0000670 0.0001022 0.0002706 0.0000000 0.0001342 0.0001006 
EPI_ISL_692761|2020-08-30  0.0001342 0.0002024 0.0005368 0.0006039 0.0001342 0.0002384 0.0002029 0.0001342 0.0000000 0.0002350 
EPI_ISL_960008|2020-09-14  0.0001006 0.0001687 0.0004362 0.0005033 0.0001678 0.0002044 0.0003721 0.0001006 0.0002350 0.0000000 
